5 140.6432
104 165 120 189 201
779
149.137
201
578
779
194.75
390
389
328.199
77.9009
201
127.199
486.408
77.9009
97.4077
389
390
97.4077
201
189
590
132.524
201
389
578
127.199
189
389
779
149.137
201
578
779
176.11
510
269
344.808
83.8304
201
143.808
390.782
83.8304
121.782
269
510
121.782
201
309
470
115.04
201
269
578
143.808
309
269
779
194.75
390
389
779
176.11
510
269
472.982
68.4233
390
82.982
360.765
68.4233
91.7647
269
510
91.7647
390
120
659
159.196
390
269
389
82.982
120
269
472.982
115.582
201
271.982
472.982
68.4233
390
82.982
258.664
44.809
201
57.6641
180.39
44.809
97.4077
82.982
390
97.4077
201
189
283.982
58.7339
201
82.982
271.982
57.6641
189
82.982
543.398
126.651
201
342.398
543.398
135.836
274.398
269
258.664
44.809
201
57.6641
322.765
44.809
53.765
269
274.398
53.765
201
73.3981
470
115.04
201
269
342.398
57.6641
73.3981
269
486.408
77.9009
97.4077
389
486.408
120.234
217.408
269
180.39
44.809
97.4077
82.982
322.765
44.809
53.765
269
217.408
53.765
97.4077
120
366.408
71.5123
97.4077
269
389
82.982
120
269
510
121.782
201
309
510
91.7647
390
120
274.398
53.765
201
73.3981
217.408
53.765
97.4077
120
390
97.4077
201
189
321
75.1402
201
120
309
73.3981
189
120
659
139.693
201
458
659
159.196
390
269
312.007
71.5123
201
111.007
366.408
71.5123
97.4077
269
390
97.4077
201
189
470
115.04
201
269
458
111.007
189
269
590
132.524
201
389
590
146.354
321
269
283.982
58.7339
201
82.982
344.14
58.7339
75.1402
269
321
75.1402
201
120
470
115.04
201
269
389
82.982
120
269
578
127.199
189
389
578
143.808
309
269
271.982
57.6641
189
82.982
342.398
57.6641
73.3981
269
309
73.3981
189
120
458
111.007
189
269
389
82.982
120
269
779
149.137
201
578
779
194.75
390
389
328.199
77.9009
201
127.199
486.408
77.9009
97.4077
389
390
97.4077
201
189
590
132.524
201
389
578
127.199
189
389
779
149.137
201
578
779
90.1155
675
104
286.287
59.8795
201
85.2872
245.147
59.8795
141.147
104
675
141.147
201
474
305
68.5377
201
104
578
85.2872
474
104
779
194.75
390
389
779
90.1155
675
104
466.195
63.7419
390
76.1954
268.667
63.7419
164.667
104
675
164.667
390
285
494
82.1053
390
104
389
76.1954
285
104
466.195
114.339
201
265.195
466.195
63.7419
390
76.1954
255.303
42.7528
201
54.3031
173.603
42.7528
97.4077
76.1954
390
97.4077
201
189
277.195
55.2508
201
76.1954
265.195
54.3031
189
76.1954
418.639
104.494
201
217.639
418.639
78.1639
314.639
104
255.303
42.7528
201
54.3031
176.596
42.7528
72.5958
104
314.639
72.5958
201
113.639
305
68.5377
201
104
217.639
54.3031
113.639
104
486.408
77.9009
97.4077
389
486.408
81.7635
382.408
104
173.603
42.7528
97.4077
76.1954
176.596
42.7528
72.5958
104
382.408
72.5958
97.4077
285
201.408
50.298
97.4077
104
389
76.1954
285
104
675
141.147
201
474
675
164.667
390
285
314.639
72.5958
201
113.639
382.408
72.5958
97.4077
285
390
97.4077
201
189
486
117.87
201
285
474
113.639
189
285
494
119.217
201
293
494
82.1053
390
104
268.085
50.298
201
67.0853
201.408
50.298
97.4077
104
390
97.4077
201
189
305
68.5377
201
104
293
67.0853
189
104
590
132.524
201
389
590
85.6678
486
104
277.195
55.2508
201
76.1954
221.87
55.2508
117.87
104
486
117.87
201
285
305
68.5377
201
104
389
76.1954
285
104
578
127.199
189
389
578
85.2872
474
104
265.195
54.3031
189
76.1954
217.639
54.3031
113.639
104
474
113.639
189
285
293
67.0853
189
104
389
76.1954
285
104
779
149.137
201
578
779
176.11
510
269
344.808
83.8304
201
143.808
390.782
83.8304
121.782
269
510
121.782
201
309
470
115.04
201
269
578
143.808
309
269
779
149.137
201
578
779
90.1155
675
104
286.287
59.8795
201
85.2872
245.147
59.8795
141.147
104
675
141.147
201
474
305
68.5377
201
104
578
85.2872
474
104
779
176.11
510
269
779
90.1155
675
104
573.792
56.6997
510
63.7918
228.667
56.6997
124.667
104
675
124.667
510
165
614
86.3844
510
104
269
63.7918
165
104
573.792
130.589
201
372.792
573.792
56.6997
510
63.7918
253.876
41.8631
201
52.8758
185.574
41.8631
121.782
63.7918
510
121.782
201
309
264.792
48.4235
201
63.7918
372.792
52.8758
309
63.7918
412.563
103.073
201
211.563
412.563
77.7834
308.563
104
253.876
41.8631
201
52.8758
174.067
41.8631
70.0674
104
308.563
70.0674
201
107.563
305
68.5377
201
104
211.563
52.8758
107.563
104
390.782
83.8304
121.782
269
390.782
76.3222
286.782
104
185.574
41.8631
121.782
63.7918
174.067
41.8631
70.0674
104
286.782
70.0674
121.782
165
225.782
56.0955
121.782
104
269
63.7918
165
104
675
141.147
201
474
675
124.667
510
165
308.563
70.0674
201
107.563
286.782
70.0674
121.782
165
510
121.782
201
309
366
90.6148
201
165
474
107.563
309
165
614
135.2
201
413
614
86.3844
510
104
278.811
56.0955
201
77.8111
225.782
56.0955
121.782
104
510
121.782
201
309
305
68.5377
201
104
413
77.8111
309
104
470
115.04
201
269
470
80.9872
366
104
264.792
48.4235
201
63.7918
194.615
48.4235
90.6148
104
366
90.6148
201
165
305
68.5377
201
104
269
63.7918
165
104
578
143.808
309
269
578
85.2872
474
104
372.792
52.8758
309
63.7918
211.563
52.8758
107.563
104
474
107.563
309
165
413
77.8111
309
104
269
63.7918
165
104
779
194.75
390
389
779
176.11
510
269
472.982
68.4233
390
82.982
360.765
68.4233
91.7647
269
510
91.7647
390
120
659
159.196
390
269
389
82.982
120
269
779
194.75
390
389
779
90.1155
675
104
466.195
63.7419
390
76.1954
268.667
63.7419
164.667
104
675
164.667
390
285
494
82.1053
390
104
389
76.1954
285
104
779
176.11
510
269
779
90.1155
675
104
573.792
56.6997
510
63.7918
228.667
56.6997
124.667
104
675
124.667
510
165
614
86.3844
510
104
269
63.7918
165
104
573.792
124.921
390
183.792
573.792
56.6997
510
63.7918
431.65
37.6316
390
41.6505
155.557
37.6316
91.7647
63.7918
510
91.7647
390
120
453.792
54.8243
390
63.7918
183.792
41.6505
120
63.7918
563.474
120.067
390
173.474
563.474
84.8048
459.474
104
431.65
37.6316
390
41.6505
162.969
37.6316
58.9691
104
459.474
58.9691
390
69.4737
494
82.1053
390
104
173.474
41.6505
69.4737
104
360.765
68.4233
91.7647
269
360.765
74.0192
256.765
104
155.557
37.6316
91.7647
63.7918
162.969
37.6316
58.9691
104
256.765
58.9691
91.7647
165
195.765
48.75
91.7647
104
269
63.7918
165
104
675
164.667
390
285
675
124.667
510
165
459.474
58.9691
390
69.4737
256.765
58.9691
91.7647
165
510
91.7647
390
120
555
115.946
390
165
285
69.4737
120
165
614
142.28
390
224
614
86.3844
510
104
445.714
48.75
390
55.7143
195.765
48.75
91.7647
104
510
91.7647
390
120
494
82.1053
390
104
224
55.7143
120
104
659
159.196
390
269
659
87.5873
555
104
453.792
54.8243
390
63.7918
219.946
54.8243
115.946
104
555
115.946
390
165
494
82.1053
390
104
269
63.7918
165
104
389
82.982
120
269
389
76.1954
285
104
183.792
41.6505
120
63.7918
173.474
41.6505
69.4737
104
285
69.4737
120
165
224
55.7143
120
104
269
63.7918
165
104
573.792
130.589
201
372.792
573.792
124.921
390
183.792
294.18
63.6656
201
93.1798
281.2
63.6656
97.4077
183.792
390
97.4077
201
189
384.792
96.0056
201
183.792
372.792
93.1798
189
183.792
573.792
130.589
201
372.792
573.792
56.6997
510
63.7918
253.876
41.8631
201
52.8758
185.574
41.8631
121.782
63.7918
510
121.782
201
309
264.792
48.4235
201
63.7918
372.792
52.8758
309
63.7918
573.792
124.921
390
183.792
573.792
56.6997
510
63.7918
431.65
37.6316
390
41.6505
155.557
37.6316
91.7647
63.7918
510
91.7647
390
120
453.792
54.8243
390
63.7918
183.792
41.6505
120
63.7918
431.65
107.403
201
230.65
431.65
37.6316
390
41.6505
235.129
29.1754
201
34.1293
139.058
29.1754
97.4077
41.6505
390
97.4077
201
189
242.65
34.5013
201
41.6505
230.65
34.1293
189
41.6505
338.19
81.5375
201
137.19
338.19
51.7589
274.398
63.7918
235.129
29.1754
201
34.1293
117.557
29.1754
53.765
63.7918
274.398
53.765
201
73.3981
264.792
48.4235
201
63.7918
137.19
34.1293
73.3981
63.7918
281.2
63.6656
97.4077
183.792
281.2
49.3203
217.408
63.7918
139.058
29.1754
97.4077
41.6505
117.557
29.1754
53.765
63.7918
217.408
53.765
97.4077
120
161.2
38.5474
97.4077
63.7918
183.792
41.6505
120
63.7918
510
121.782
201
309
510
91.7647
390
120
274.398
53.765
201
73.3981
217.408
53.765
97.4077
120
390
97.4077
201
189
321
75.1402
201
120
309
73.3981
189
120
453.792
111.97
201
252.792
453.792
54.8243
390
63.7918
248.694
38.5474
201
47.694
161.2
38.5474
97.4077
63.7918
390
97.4077
201
189
264.792
48.4235
201
63.7918
252.792
47.694
189
63.7918
384.792
96.0056
201
183.792
384.792
53.2162
321
63.7918
242.65
34.5013
201
41.6505
138.932
34.5013
75.1402
63.7918
321
75.1402
201
120
264.792
48.4235
201
63.7918
183.792
41.6505
120
63.7918
372.792
93.1798
189
183.792
372.792
52.8758
309
63.7918
230.65
34.1293
189
41.6505
137.19
34.1293
73.3981
63.7918
309
73.3981
189
120
252.792
47.694
189
63.7918
183.792
41.6505
120
63.7918
563.474
129.3
201
362.474
563.474
120.067
390
173.474
291.452
62.3803
201
90.4522
270.881
62.3803
97.4077
173.474
390
97.4077
201
189
374.474
93.1126
201
173.474
362.474
90.4522
189
173.474
563.474
129.3
201
362.474
563.474
84.8048
459.474
104
275.161
54.173
201
74.1606
217.071
54.173
113.071
104
459.474
113.071
201
258.474
305
68.5377
201
104
362.474
74.1606
258.474
104
563.474
120.067
390
173.474
563.474
84.8048
459.474
104
431.65
37.6316
390
41.6505
162.969
37.6316
58.9691
104
459.474
58.9691
390
69.4737
494
82.1053
390
104
173.474
41.6505
69.4737
104
431.65
107.403
201
230.65
431.65
37.6316
390
41.6505
235.129
29.1754
201
34.1293
139.058
29.1754
97.4077
41.6505
390
97.4077
201
189
242.65
34.5013
201
41.6505
230.65
34.1293
189
41.6505
355.8
87.4503
201
154.8
355.8
73.6009
251.8
104
235.129
29.1754
201
34.1293
144.551
29.1754
40.5514
104
251.8
40.5514
201
50.8002
305
68.5377
201
104
154.8
34.1293
50.8002
104
270.881
62.3803
97.4077
173.474
270.881
64.0711
166.881
104
139.058
29.1754
97.4077
41.6505
144.551
29.1754
40.5514
104
166.881
40.5514
97.4077
69.4737
201.408
50.298
97.4077
104
173.474
41.6505
69.4737
104
459.474
113.071
201
258.474
459.474
58.9691
390
69.4737
251.8
40.5514
201
50.8002
166.881
40.5514
97.4077
69.4737
390
97.4077
201
189
270.474
51.6287
201
69.4737
258.474
50.8002
189
69.4737
494
119.217
201
293
494
82.1053
390
104
268.085
50.298
201
67.0853
201.408
50.298
97.4077
104
390
97.4077
201
189
305
68.5377
201
104
293
67.0853
189
104
374.474
93.1126
201
173.474
374.474
75.1168
270.474
104
242.65
34.5013
201
41.6505
155.629
34.5013
51.6287
104
270.474
51.6287
201
69.4737
305
68.5377
201
104
173.474
41.6505
69.4737
104
362.474
90.4522
189
173.474
362.474
74.1606
258.474
104
230.65
34.1293
189
41.6505
154.8
34.1293
50.8002
104
258.474
50.8002
189
69.4737
293
67.0853
189
104
173.474
41.6505
69.4737
104
543.398
126.651
201
342.398
543.398
135.836
274.398
269
258.664
44.809
201
57.6641
322.765
44.809
53.765
269
274.398
53.765
201
73.3981
470
115.04
201
269
342.398
57.6641
73.3981
269
543.398
126.651
201
342.398
543.398
84.0956
439.398
104
273.411
53.2335
201
72.411
213.054
53.2335
109.054
104
439.398
109.054
201
238.398
305
68.5377
201
104
342.398
72.411
238.398
104
543.398
135.836
274.398
269
543.398
84.0956
439.398
104
338.19
51.7589
274.398
63.7918
207.04
51.7589
103.04
104
439.398
103.04
274.398
165
378.398
75.4163
274.398
104
269
63.7918
165
104
338.19
81.5375
201
137.19
338.19
51.7589
274.398
63.7918
235.129
29.1754
201
34.1293
117.557
29.1754
53.765
63.7918
274.398
53.765
201
73.3981
264.792
48.4235
201
63.7918
137.19
34.1293
73.3981
63.7918
355.8
87.4503
201
154.8
355.8
73.6009
251.8
104
235.129
29.1754
201
34.1293
144.551
29.1754
40.5514
104
251.8
40.5514
201
50.8002
305
68.5377
201
104
154.8
34.1293
50.8002
104
322.765
44.809
53.765
269
322.765
70.4896
218.765
104
117.557
29.1754
53.765
63.7918
144.551
29.1754
40.5514
104
218.765
40.5514
53.765
165
157.765
35.4423
53.765
104
269
63.7918
165
104
439.398
109.054
201
238.398
439.398
103.04
274.398
165
251.8
40.5514
201
50.8002
218.765
40.5514
53.765
165
274.398
53.765
201
73.3981
366
90.6148
201
165
238.398
50.8002
73.3981
165
378.398
94.2315
201
177.398
378.398
75.4163
274.398
104
244.03
35.4423
201
43.0298
157.765
35.4423
53.765
104
274.398
53.765
201
73.3981
305
68.5377
201
104
177.398
43.0298
73.3981
104
470
115.04
201
269
470
80.9872
366
104
264.792
48.4235
201
63.7918
194.615
48.4235
90.6148
104
366
90.6148
201
165
305
68.5377
201
104
269
63.7918
165
104
342.398
57.6641
73.3981
269
342.398
72.411
238.398
104
137.19
34.1293
73.3981
63.7918
154.8
34.1293
50.8002
104
238.398
50.8002
73.3981
165
177.398
43.0298
73.3981
104
269
63.7918
165
104
486.408
77.9009
97.4077
389
486.408
120.234
217.408
269
180.39
44.809
97.4077
82.982
322.765
44.809
53.765
269
217.408
53.765
97.4077
120
366.408
71.5123
97.4077
269
389
82.982
120
269
486.408
77.9009
97.4077
389
486.408
81.7635
382.408
104
173.603
42.7528
97.4077
76.1954
176.596
42.7528
72.5958
104
382.408
72.5958
97.4077
285
201.408
50.298
97.4077
104
389
76.1954
285
104
486.408
120.234
217.408
269
486.408
81.7635
382.408
104
281.2
49.3203
217.408
63.7918
197.806
49.3203
93.8063
104
382.408
93.8063
217.408
165
321.408
70.348
217.408
104
269
63.7918
165
104
281.2
63.6656
97.4077
183.792
281.2
49.3203
217.408
63.7918
139.058
29.1754
97.4077
41.6505
117.557
29.1754
53.765
63.7918
217.408
53.765
97.4077
120
161.2
38.5474
97.4077
63.7918
183.792
41.6505
120
63.7918
270.881
62.3803
97.4077
173.474
270.881
64.0711
166.881
104
139.058
29.1754
97.4077
41.6505
144.551
29.1754
40.5514
104
166.881
40.5514
97.4077
69.4737
201.408
50.298
97.4077
104
173.474
41.6505
69.4737
104
322.765
44.809
53.765
269
322.765
70.4896
218.765
104
117.557
29.1754
53.765
63.7918
144.551
29.1754
40.5514
104
218.765
40.5514
53.765
165
157.765
35.4423
53.765
104
269
63.7918
165
104
382.408
72.5958
97.4077
285
382.408
93.8063
217.408
165
166.881
40.5514
97.4077
69.4737
218.765
40.5514
53.765
165
217.408
53.765
97.4077
120
262.408
61.2492
97.4077
165
285
69.4737
120
165
321.408
67.8867
97.4077
224
321.408
70.348
217.408
104
153.122
35.4423
97.4077
55.7143
157.765
35.4423
53.765
104
217.408
53.765
97.4077
120
201.408
50.298
97.4077
104
224
55.7143
120
104
366.408
71.5123
97.4077
269
366.408
74.481
262.408
104
161.2
38.5474
97.4077
63.7918
165.249
38.5474
61.2492
104
262.408
61.2492
97.4077
165
201.408
50.298
97.4077
104
269
63.7918
165
104
389
82.982
120
269
389
76.1954
285
104
183.792
41.6505
120
63.7918
173.474
41.6505
69.4737
104
285
69.4737
120
165
224
55.7143
120
104
269
63.7918
165
104
675
141.147
201
474
675
164.667
390
285
314.639
72.5958
201
113.639
382.408
72.5958
97.4077
285
390
97.4077
201
189
486
117.87
201
285
474
113.639
189
285
675
141.147
201
474
675
124.667
510
165
308.563
70.0674
201
107.563
286.782
70.0674
121.782
165
510
121.782
201
309
366
90.6148
201
165
474
107.563
309
165
675
164.667
390
285
675
124.667
510
165
459.474
58.9691
390
69.4737
256.765
58.9691
91.7647
165
510
91.7647
390
120
555
115.946
390
165
285
69.4737
120
165
459.474
113.071
201
258.474
459.474
58.9691
390
69.4737
251.8
40.5514
201
50.8002
166.881
40.5514
97.4077
69.4737
390
97.4077
201
189
270.474
51.6287
201
69.4737
258.474
50.8002
189
69.4737
439.398
109.054
201
238.398
439.398
103.04
274.398
165
251.8
40.5514
201
50.8002
218.765
40.5514
53.765
165
274.398
53.765
201
73.3981
366
90.6148
201
165
238.398
50.8002
73.3981
165
382.408
72.5958
97.4077
285
382.408
93.8063
217.408
165
166.881
40.5514
97.4077
69.4737
218.765
40.5514
53.765
165
217.408
53.765
97.4077
120
262.408
61.2492
97.4077
165
285
69.4737
120
165
510
121.782
201
309
510
91.7647
390
120
274.398
53.765
201
73.3981
217.408
53.765
97.4077
120
390
97.4077
201
189
321
75.1402
201
120
309
73.3981
189
120
555
128.205
201
354
555
115.946
390
165
289.093
61.2492
201
88.0932
262.408
61.2492
97.4077
165
390
97.4077
201
189
366
90.6148
201
165
354
88.0932
189
165
486
117.87
201
285
486
108.981
321
165
270.474
51.6287
201
69.4737
240.14
51.6287
75.1402
165
321
75.1402
201
120
366
90.6148
201
165
285
69.4737
120
165
474
113.639
189
285
474
107.563
309
165
258.474
50.8002
189
69.4737
238.398
50.8002
73.3981
165
309
73.3981
189
120
354
88.0932
189
165
285
69.4737
120
165
614
135.2
201
413
614
142.28
390
224
303.508
67.8867
201
102.508
321.408
67.8867
97.4077
224
390
97.4077
201
189
425
105.939
201
224
413
102.508
189
224
614
135.2
201
413
614
86.3844
510
104
278.811
56.0955
201
77.8111
225.782
56.0955
121.782
104
510
121.782
201
309
305
68.5377
201
104
413
77.8111
309
104
614
142.28
390
224
614
86.3844
510
104
445.714
48.75
390
55.7143
195.765
48.75
91.7647
104
510
91.7647
390
120
494
82.1053
390
104
224
55.7143
120
104
445.714
110.357
201
244.714
445.714
48.75
390
55.7143
244.03
35.4423
201
43.0298
153.122
35.4423
97.4077
55.7143
390
97.4077
201
189
256.714
43.6227
201
55.7143
244.714
43.0298
189
55.7143
378.398
94.2315
201
177.398
378.398
75.4163
274.398
104
244.03
35.4423
201
43.0298
157.765
35.4423
53.765
104
274.398
53.765
201
73.3981
305
68.5377
201
104
177.398
43.0298
73.3981
104
321.408
67.8867
97.4077
224
321.408
70.348
217.408
104
153.122
35.4423
97.4077
55.7143
157.765
35.4423
53.765
104
217.408
53.765
97.4077
120
201.408
50.298
97.4077
104
224
55.7143
120
104
510
121.782
201
309
510
91.7647
390
120
274.398
53.765
201
73.3981
217.408
53.765
97.4077
120
390
97.4077
201
189
321
75.1402
201
120
309
73.3981
189
120
494
119.217
201
293
494
82.1053
390
104
268.085
50.298
201
67.0853
201.408
50.298
97.4077
104
390
97.4077
201
189
305
68.5377
201
104
293
67.0853
189
104
425
105.939
201
224
425
78.5506
321
104
256.714
43.6227
201
55.7143
179.14
43.6227
75.1402
104
321
75.1402
201
120
305
68.5377
201
104
224
55.7143
120
104
413
102.508
189
224
413
77.8111
309
104
244.714
43.0298
189
55.7143
177.398
43.0298
73.3981
104
309
73.3981
189
120
293
67.0853
189
104
224
55.7143
120
104
659
139.693
201
458
659
159.196
390
269
312.007
71.5123
201
111.007
366.408
71.5123
97.4077
269
390
97.4077
201
189
470
115.04
201
269
458
111.007
189
269
659
139.693
201
458
659
87.5873
555
104
281.384
57.4206
201
80.3843
232.205
57.4206
128.205
104
555
128.205
201
354
305
68.5377
201
104
458
80.3843
354
104
659
159.196
390
269
659
87.5873
555
104
453.792
54.8243
390
63.7918
219.946
54.8243
115.946
104
555
115.946
390
165
494
82.1053
390
104
269
63.7918
165
104
453.792
111.97
201
252.792
453.792
54.8243
390
63.7918
248.694
38.5474
201
47.694
161.2
38.5474
97.4077
63.7918
390
97.4077
201
189
264.792
48.4235
201
63.7918
252.792
47.694
189
63.7918
393.093
98.2229
201
192.093
393.093
76.4849
289.093
104
248.694
38.5474
201
47.694
165.249
38.5474
61.2492
104
289.093
61.2492
201
88.0932
305
68.5377
201
104
192.093
47.694
88.0932
104
366.408
71.5123
97.4077
269
366.408
74.481
262.408
104
161.2
38.5474
97.4077
63.7918
165.249
38.5474
61.2492
104
262.408
61.2492
97.4077
165
201.408
50.298
97.4077
104
269
63.7918
165
104
555
128.205
201
354
555
115.946
390
165
289.093
61.2492
201
88.0932
262.408
61.2492
97.4077
165
390
97.4077
201
189
366
90.6148
201
165
354
88.0932
189
165
494
119.217
201
293
494
82.1053
390
104
268.085
50.298
201
67.0853
201.408
50.298
97.4077
104
390
97.4077
201
189
305
68.5377
201
104
293
67.0853
189
104
470
115.04
201
269
470
80.9872
366
104
264.792
48.4235
201
63.7918
194.615
48.4235
90.6148
104
366
90.6148
201
165
305
68.5377
201
104
269
63.7918
165
104
458
111.007
189
269
458
80.3843
354
104
252.792
47.694
189
63.7918
192.093
47.694
88.0932
104
354
88.0932
189
165
293
67.0853
189
104
269
63.7918
165
104
590
132.524
201
389
590
146.354
321
269
283.982
58.7339
201
82.982
344.14
58.7339
75.1402
269
321
75.1402
201
120
470
115.04
201
269
389
82.982
120
269
590
132.524
201
389
590
85.6678
486
104
277.195
55.2508
201
76.1954
221.87
55.2508
117.87
104
486
117.87
201
285
305
68.5377
201
104
389
76.1954
285
104
590
146.354
321
269
590
85.6678
486
104
384.792
53.2162
321
63.7918
212.981
53.2162
108.981
104
486
108.981
321
165
425
78.5506
321
104
269
63.7918
165
104
384.792
96.0056
201
183.792
384.792
53.2162
321
63.7918
242.65
34.5013
201
41.6505
138.932
34.5013
75.1402
63.7918
321
75.1402
201
120
264.792
48.4235
201
63.7918
183.792
41.6505
120
63.7918
374.474
93.1126
201
173.474
374.474
75.1168
270.474
104
242.65
34.5013
201
41.6505
155.629
34.5013
51.6287
104
270.474
51.6287
201
69.4737
305
68.5377
201
104
173.474
41.6505
69.4737
104
344.14
58.7339
75.1402
269
344.14
72.5709
240.14
104
138.932
34.5013
75.1402
63.7918
155.629
34.5013
51.6287
104
240.14
51.6287
75.1402
165
179.14
43.6227
75.1402
104
269
63.7918
165
104
486
117.87
201
285
486
108.981
321
165
270.474
51.6287
201
69.4737
240.14
51.6287
75.1402
165
321
75.1402
201
120
366
90.6148
201
165
285
69.4737
120
165
425
105.939
201
224
425
78.5506
321
104
256.714
43.6227
201
55.7143
179.14
43.6227
75.1402
104
321
75.1402
201
120
305
68.5377
201
104
224
55.7143
120
104
470
115.04
201
269
470
80.9872
366
104
264.792
48.4235
201
63.7918
194.615
48.4235
90.6148
104
366
90.6148
201
165
305
68.5377
201
104
269
63.7918
165
104
389
82.982
120
269
389
76.1954
285
104
183.792
41.6505
120
63.7918
173.474
41.6505
69.4737
104
285
69.4737
120
165
224
55.7143
120
104
269
63.7918
165
104
578
127.199
189
389
578
143.808
309
269
271.982
57.6641
189
82.982
342.398
57.6641
73.3981
269
309
73.3981
189
120
458
111.007
189
269
389
82.982
120
269
578
127.199
189
389
578
85.2872
474
104
265.195
54.3031
189
76.1954
217.639
54.3031
113.639
104
474
113.639
189
285
293
67.0853
189
104
389
76.1954
285
104
578
143.808
309
269
578
85.2872
474
104
372.792
52.8758
309
63.7918
211.563
52.8758
107.563
104
474
107.563
309
165
413
77.8111
309
104
269
63.7918
165
104
372.792
93.1798
189
183.792
372.792
52.8758
309
63.7918
230.65
34.1293
189
41.6505
137.19
34.1293
73.3981
63.7918
309
73.3981
189
120
252.792
47.694
189
63.7918
183.792
41.6505
120
63.7918
362.474
90.4522
189
173.474
362.474
74.1606
258.474
104
230.65
34.1293
189
41.6505
154.8
34.1293
50.8002
104
258.474
50.8002
189
69.4737
293
67.0853
189
104
173.474
41.6505
69.4737
104
342.398
57.6641
73.3981
269
342.398
72.411
238.398
104
137.19
34.1293
73.3981
63.7918
154.8
34.1293
50.8002
104
238.398
50.8002
73.3981
165
177.398
43.0298
73.3981
104
269
63.7918
165
104
474
113.639
189
285
474
107.563
309
165
258.474
50.8002
189
69.4737
238.398
50.8002
73.3981
165
309
73.3981
189
120
354
88.0932
189
165
285
69.4737
120
165
413
102.508
189
224
413
77.8111
309
104
244.714
43.0298
189
55.7143
177.398
43.0298
73.3981
104
309
73.3981
189
120
293
67.0853
189
104
224
55.7143
120
104
458
111.007
189
269
458
80.3843
354
104
252.792
47.694
189
63.7918
192.093
47.694
88.0932
104
354
88.0932
189
165
293
67.0853
189
104
269
63.7918
165
104
389
82.982
120
269
389
76.1954
285
104
183.792
41.6505
120
63.7918
173.474
41.6505
69.4737
104
285
69.4737
120
165
224
55.7143
120
104
269
63.7918
165
104
141.146667
C:\Users\Wgmlgz\source\repos\Code\Debug\Code.exe (process 8572) exited with code 0.
To automatically close the console when debugging stops, enable Tools->Options->Debugging->Automatically close the console when debugging stops.
Press any key to close this window . . .
